12,1,0.08333333333333333,48.5357,12.1132,Landshut,Bayern,S,393.0,19470111,20080331
24,2,0.08333333333333333,50.5612,10.3771,Meiningen,Thüringen,O,450.0,19790101,20150422
24,2,0.08333333333333333,51.128,13.7543,Dresden-Klotzsche,Sachsen,O,227.0,19600101,20150422
12,1,0.08333333333333333,49.1664,8.8523,Eppingen-Elsenz,Baden-Württemberg,S,220.0,20021201,20150422
48,4,0.08333333333333333,50.3067,10.968,Lautertal-Oberlauter,Bayern,S,345.0,19470101,20150422
12,1,0.08333333333333333,48.2766,9.0001,Albstadt-Onstmettingen,Baden-Württemberg,S,794.0,19781001,19950531
36,3,0.08333333333333333,50.5016,6.5262,Kall-Sistig,Nordrhein-Westfalen,W,505.0,19470101,20150422
24,2,0.08333333333333333,50.5002,11.1344,Neuhaus am Rennweg,Thüringen,O,845.0,19890501,20150422
48,4,0.08333333333333333,49.7619,7.0541,Deuselbach,Rheinland-Pfalz,W,481.0,19500801,20150422
24,2,0.08333333333333333,54.0967,13.4056,Greifswald,Mecklenburg-Vorpommern,O,2.0,18980301,20150422
24,2,0.08333333333333333,50.7314,13.7516,Zinnwald-Georgenfeld,Sachsen,O,877.0,19710101,20150422
36,3,0.08333333333333333,50.7055,7.1467,Bonn-Friesdorf,Nordrhein-Westfalen,W,62.0,19321001,19990301
12,1,0.08333333333333333,52.4564,13.2997,Berlin-Dahlem (LFAG),Berlin,O,55.0,18760101,19621231
24,2,0.08333333333333333,50.7334,10.8815,Martinroda,Thüringen,O,427.0,19910101,20150422
