38,2,0.05263157894736842,52.4675,13.4021,Berlin-Tempelhof,Berlin,O,48.0,19480101,20150422
19,1,0.05263157894736842,50.9615,6.9712,Köln-Botanischer Garten,Nordrhein-Westfalen,W,45.0,19360101,19841231
19,1,0.05263157894736842,49.4242,7.736,Kaiserslautern,Rheinland-Pfalz,W,285.0,19010101,20150422
57,3,0.05263157894736842,52.9604,9.7931,Soltau,Niedersachsen,N,76.0,19470721,20150422
19,1,0.05263157894736842,53.1007,11.4864,Lenzen/Elbe,Brandenburg,O,20.0,19941001,20150422
57,3,0.05263157894736842,47.5627,7.7936,Rheinfelden,Baden-Württemberg,S,287.0,19530901,20141231
38,2,0.05263157894736842,52.5176,14.1232,Müncheberg,Brandenburg,O,63.0,19490101,20150422
19,1,0.05263157894736842,51.296,13.0928,Oschatz,Sachsen,O,150.0,19780101,20150422
19,1,0.05263157894736842,48.5121,9.7645,Merklingen,Baden-Württemberg,S,685.0,19490101,20150422
19,1,0.05263157894736842,48.1644,12.0307,Mittbach,Bayern,S,621.0,19590101,19771231
