9,1,0.1111111111111111,53.1864,12.4949,Wittstock-Rote Mühle,Brandenburg,O,66.0,19940301,20150422
9,1,0.1111111111111111,53.1424,13.0319,Neuglobsow (HM),Brandenburg,O,62.0,19670101,20040930
9,1,0.1111111111111111,50.8994,14.7456,Bertsdorf-Hörnitz,Sachsen,O,270.0,19470101,20150422
18,2,0.1111111111111111,48.5451,13.3531,Fürstenzell,Bayern,S,476.0,19970103,20150422
9,1,0.1111111111111111,49.021,9.6032,Großerlach-Mannenweiler,Baden-Württemberg,S,523.0,20040601,20150422
9,1,0.1111111111111111,48.3751,8.9801,Hechingen,Baden-Württemberg,S,522.0,19470101,20150422
18,2,0.1111111111111111,52.2164,11.0219,Helmstedt,Niedersachsen,N,140.0,19470301,20061231
9,1,0.1111111111111111,48.7893,13.6291,Grainet-Rehberg,Bayern,S,628.0,19570501,20150422
9,1,0.1111111111111111,53.5732,10.6795,Grambek,Schleswig-Holstein,N,27.0,19510101,20150422
9,1,0.1111111111111111,50.2524,11.3208,Kronach,Bayern,S,312.0,19490101,20150422
9,1,0.1111111111111111,49.4778,11.5355,Pommelsbrunn-Mittelburg,Bayern,S,522.0,19930901,20150422
18,2,0.1111111111111111,51.5554,13.8846,Klettwitz,Brandenburg,O,128.0,19960701,20150422
